1.00 129 2.197 4
2.00 125 2.524 6.7
3.00 123 4.335 8.1
4.01 123 4.390 8.7
5.00 122.1 5.161 10
6.00 121.9 5.952 11
7.00 118.2 8.746 15
8.00 117.1 13.565 16
9.00 116.2 14.256 18
10.00 115.4 16.207 18
11.00 119 3.300 8.3
12.00 129 2.197 0
13.00 129 2.582 0
14.00 129 2.744 0
15.00 129 2.729 0
16.00 75.5 4.975 42
17.00 97.1 3.501 18
18.00 119 2.524 8.3
19.00 119 2.730 8.3
20.00 118 2.560 0
21.00 119 3.286 15
22.00 119 2.544 8.3
23.00 119 2.078 8.3
24.00 119 2.696 0
25.00 119 3.807 8.3
26.00 119 5.205 8.3
27.00 119 8.417 8.3
28.00 129 6.050 0
29.00 119 4.741 8.3
30.00 130 3.604 0
31.00 97.1 2.714 18
32.00 75.4 2.665 42
33.00 130 5.909 0
34.00 118 4.335 8.3
35.00 130 3.299 0
36.00 129 3.232 0
37.00 108 4.324 17
38.00 119 3.514 8.3
39.00 129 2.807 0
40.00 119 2.916 0
41.00 119 4.345 8.3
42.00 108 3.831 0
43.00 129 2.681 14
44.00 108 3.230 9.1
45.00 108 2.749 23
46.00 119 7.225 8.3
47.00 86.2 20.007 27
48.00 130 13.972 0
49.00 119 9.133 8.3
50.00 119 7.030 8.3
51.00 119 4.641 8.3
52.00 129 2.907 0
53.00 108 3.215 17
54.00 108 4.145 17
55.00 108 4.312 9.1
56.00 108 3.533 17
57.00 130 3.080 0
58.00 129 1.543 0
59.00 119 2.203 8.3
60.00 97.1 2.283 10
61.00 129 5.116 14
62.00 129 4.561 0
63.00 108 6.608 9.1
64.00 86.1 5.468 33
65.00 108 4.390 17
66.00 96.8 5.164 25
67.00 129 6.437 0
68.00 108 4.911 9.1
69.00 129 3.863 7.7
70.00 129 2.131 0
71.00 96.9 4.831 18
72.00 119 6.306 8.3
73.00 129 4.620 0
74.02 116 5.403 8.3
75.00 110 4.768 17
76.00 108 5.000 9.1
77.00 108 6.268 23
78.00 108 6.185 17
79.00 97.1 7.638 18
80.00 108 7.740 17
81.04 83.2 7.240 33
82.00 112 4.757 17
83.00 119 3.619 8.3
84.00 108 4.916 17
85.00 108 4.829 9.1
86.00 119 2.927 8.3
87.00 129 4.714 0
88.00 108 4.620 17
89.00 119 3.724 8.3
90.07 111 4.347 0
91.00 127 10.986 15
92.00 130 6.996 0
93.00 119 5.099 8.3
94.00 119 4.454 0
95.00 129 4.653 0
96.00 119 3.749 8.3
97.00 119 3.086 8.3
98.00 118 2.703 8.3
99.00 119 3.315 8.3
100.00 129 2.964 0
101.00 119 8.751 0
102.00 108 6.305 17
103.00 129 7.051 0
104.01 128 6.555 0
105.00 109 5.994 17
106.00 119 5.920 8.3
107.00 129 4.694 0
108.00 97.1 5.161 0
109.00 96.7 6.208 36
110.01 118 5.066 8.3
111.00 120 3.808 8.3
112.00 129 3.901 0
113.00 108 6.101 9.1
114.00 140 4.982 0
115.00 108 4.866 17
116.00 97.1 3.395 18
117.00 108 3.230 17
118.00 118 4.264 8.3
119.00 130 3.516 0
120.00 119 8.511 8.3
121.00 129 5.498 0
122.00 108 4.210 17
123.00 119 3.365 8.3
124.00 129 2.840 0
125.00 119 3.701 0
126.00 129 4.284 0
127.00 119 9.237 8.3
128.00 119 9.525 8.3
129.00 119 6.386 0
130.00 130 7.964 7.7
131.00 129 4.568 0
132.00 86.2 5.746 27
133.00 107 9.553 17
134.00 130 13.034 0
135.00 97.3 8.725 25
136.00 118 5.242 8.3
137.00 130 4.234 0
138.00 108 6.623 9.1
139.00 130 5.374 7.7
140.00 97.0 5.490 10
141.00 108 5.326 17
142.00 118 2.717 15
143.01 107 2.398 0
144.00 109 8.025 29
145.00 130 5.130 0
146.00 118 4.923 8.3
147.00 119 7.801 0
148.00 129 5.203 0
149.00 119 6.635 8.3
150.00 129 3.779 0
151.00 108 2.085 17
152.00 108 9.811 9.1
153.00 108 6.354 23
154.00 129 4.100 0
155.00 108 3.395 0
156.00 86.2 3.524 38
157.00 130 4.523 0
158.00 119 4.084 8.3
159.00 129 5.842 0
160.00 129 3.524 0
161.01 118 3.761 0
162.00 130 2.107 7.7
163.00 108 1.894 9.1
164.00 129 1.595 0
165.00 119 1.607 8.3
166.00 129 2.923 0
167.00 119 3.875 8.3
168.00 129 2.974 0
169.00 97.4 4.799 18
170.00 108 3.566 17
171.00 97.0 2.884 25
172.00 129 3.354 0
173.00 130 3.292 0
174.00 118 2.658 8.3
175.00 119 1.967 8.3
176.00 129 2.258 0
177.00 129 2.235 0
178.00 108 3.487 9.1
179.00 119 2.920 8.3
180.00 130 2.153 0
181.00 108 1.750 17
182.00 130 1.569 0
183.00 108 3.354 17
184.00 108 2.454 17
185.00 108 3.970 9.1
186.00 118 3.938 8.3
187.00 119 4.743 8.3
188.00 129 5.977 0
189.00 119 5.104 8.3
190.00 119 3.613 8.3
191.00 108 2.354 17
192.00 129 5.584 0
193.00 129 4.867 0
194.00 108 3.525 9.1
195.01 117 2.968 8.3
196.01 108 4.542 17
197.00 120 5.278 8.3
198.00 119 5.583 8.3
199.00 108 3.942 17
200.00 118 4.270 8.3
201.00 108 2.956 9.1
202.00 119 1.965 8.3
203.00 96.9 2.397 18
204.00 119 3.482 15
205.00 129 9.297 0
206.00 129 10.938 0
207.00 108 6.241 17
208.00 119 4.537 0
209.00 129 2.962 0
210.00 108 2.929 17
211.00 130 3.324 0
212.02 106 3.933 17
213.00 132 5.874 0
214.00 108 3.430 17
215.00 130 2.171 0
216.00 108 2.559 9.1
217.00 129 4.046 0
218.00 119 3.229 8.3
219.00 108 8.090 17
220.00 129 6.779 0
221.00 129 3.826 0
222.00 97.0 3.024 18
223.00 97.0 6.683 25
224.00 119 6.672 8.3
225.01 117 5.563 8.3
226.00 98.0 5.195 25
227.00 119 3.379 0
228.00 129 5.151 7.7
229.00 119 6.161 8.3
230.01 118 5.206 0
231.00 130 3.481 7.7
232.00 119 3.238 0
233.00 108 2.617 17
234.00 108 3.772 9.1
235.00 119 3.999 15
236.00 129 3.205 0
237.00 119 4.194 8.3
238.00 129 7.138 0
239.00 108 16.123 0
240.00 129 9.252 7.7
241.00 119 5.229 8.3
242.00 118 3.324 8.3
243.00 108 4.282 9.1
244.00 97.1 4.410 25
245.00 129 3.219 7.7
246.00 119 3.515 8.3
247.04 114 2.761 0
248.00 112 4.355 17
249.00 108 3.180 9.1
250.00 129 6.206 7.7
