1.03 128 0.067 1
2.00 127 1.757 1.3
3.00 125 1.188 2.1
4.00 127 1.193 2.7
5.00 127 2.339 3.3
6.00 126 4.673 3.9
7.00 127 4.061 4.3
8.00 120 5.411 5
9.01 127 2.485 5.3
10.00 55 113.739 40.7
11.00 129 8.423 0
12.00 130 11.178 0
13.00 129 9.603 0
14.00 118 5.905 8.3
15.00 119 6.818 0
16.00 119 8.119 8.3
17.01 129 9.600 0
18.01 119 6.772 8.3
19.12 116 5.745 0
20.00 122 20.942 9.1
21.00 140 16.031 0
22.00 129 9.510 0
23.00 129 6.471 0
24.00 119 5.350 0
25.00 129 4.147 0
26.00 129 6.352 0
27.00 119 4.719 8.3
28.00 119 5.528 8.3
29.00 129 6.501 0
30.00 129 3.661 0
31.00 119 3.510 8.3
32.00 119 7.475 0
33.01 96.2 7.859 18
34.01 129 7.766 7.7
35.00 130 5.776 0
36.00 119 8.594 8.3
37.00 119 5.780 8.3
38.00 119 4.538 0
39.00 119 5.896 8.3
40.00 129 3.062 0
41.00 119 3.123 8.3
42.01 128 3.075 0
43.00 120 2.509 8.3
44.00 119 1.919 8.3
45.00 129 4.939 0
46.00 119 4.056 8.3
47.00 119 3.223 0
48.02 116 4.041 8.3
49.00 121 2.714 8.3
50.02 127 2.426 0
51.02 119 3.704 8.3
52.00 110 4.182 17
53.00 118 6.387 8.3
54.00 119 7.765 8.3
55.01 107 5.822 9.1
56.00 131 5.567 0
57.01 128 7.505 0
58.00 130 6.962 0
59.01 129 8.694 0
60.00 97.8 8.210 25
61.02 126 7.797 0
62.00 110 8.604 9.1
63.00 129 6.135 0
64.01 118 4.744 8.3
65.00 130 3.562 0
66.00 129 3.617 0
67.00 119 4.573 8.3
68.01 128 4.859 0
69.00 120 3.685 0
70.00 130 2.779 0
71.02 126 2.565 0
72.00 122 1.958 8.3
73.00 129 5.459 0
74.00 119 8.138 8.3
75.01 129 8.767 0
76.00 119 5.069 8.3
77.00 130 5.861 0
78.02 95.6 9.486 18
79.00 131 12.245 0
80.00 119 8.554 8.3
81.00 108 14.974 0
82.00 140 12.696 7.1
83.00 108 17.621 17
84.00 130 11.095 0
85.00 119 6.926 0
86.00 119 4.921 8.3
87.00 119 4.654 8.3
88.00 129 10.242 0
89.00 130 7.280 0
90.00 119 5.611 0
91.00 129 3.310 7.7
92.01 128 2.760 0
93.00 120 2.753 0
94.00 119 3.312 8.3
95.01 128 5.299 0
96.00 130 4.164 0
97.00 129 2.951 0
98.00 129 3.200 0
99.00 129 4.814 0
100.00 129 3.456 0
101.00 107 11.055 9.1
102.00 130 8.099 0
103.00 129 5.314 0
104.00 119 5.996 8.3
105.00 130 5.665 0
106.00 108 3.529 17
107.02 117 3.854 8.3
108.00 121 4.961 0
109.00 129 5.061 0
110.00 119 5.380 8.3
111.00 130 4.938 0
112.01 118 4.547 8.3
113.00 130 3.093 0
114.00 130 3.748 0
115.00 108 5.702 17
116.00 119 10.139 0
117.00 129 6.288 0
118.00 129 5.908 0
119.00 119 7.218 8.3
120.00 118 5.430 8.3
121.00 119 4.580 0
122.01 118 7.266 8.3
123.00 108 5.921 17
124.00 119 6.320 8.3
125.00 129 4.640 0
126.00 130 3.636 0
127.00 119 3.903 8.3
128.00 108 4.890 9.1
129.00 140 5.144 0
130.00 119 5.505 0
131.00 129 11.636 0
132.00 118 11.151 8.3
133.01 118 8.888 8.3
134.00 130 8.712 0
135.00 108 8.138 9.1
136.00 119 7.261 15
137.00 108 4.175 9.1
138.00 119 9.817 15
139.00 108 10.179 9.1
140.01 118 6.175 8.3
141.00 108 7.299 17
142.00 130 8.707 0
143.00 129 4.998 0
144.00 108 6.133 17
145.00 129 5.566 0
146.00 119 11.122 8.3
147.00 119 8.754 0
148.00 129 5.053 0
149.00 130 9.669 0
150.00 119 7.770 8.3
151.01 96.2 6.171 25
152.00 119 4.059 8.3
153.00 119 3.794 8.3
154.01 118 7.006 0
155.00 131 8.554 0
156.00 129 5.877 0
157.00 129 5.122 0
158.00 129 6.186 0
159.00 130 8.310 0
160.01 117 6.242 0
161.00 120 5.559 15
162.00 119 2.825 0
163.00 108 6.708 17
164.00 119 5.594 8.3
165.02 127 3.804 0
166.00 120 5.363 8.3
167.00 129 3.378 0
168.00 119 3.142 8.3
169.02 117 3.862 0
170.00 120 2.911 8.3
171.01 117 2.003 8.3
172.00 120 3.047 8.3
173.00 129 2.062 0
174.00 129 2.149 0
175.00 119 2.924 8.3
176.00 119 4.746 8.3
177.01 118 3.230 0
178.00 131 2.440 0
179.00 119 2.611 8.3
180.00 129 1.847 0
181.00 129 2.861 0
182.01 117 2.701 8.3
183.00 120 3.535 0
184.01 118 3.525 8.3
185.00 97.6 3.398 25
186.01 129 6.003 0
187.02 127 3.822 0
188.00 121 2.204 8.3
189.00 129 2.492 0
190.00 129 1.704 0
191.00 119 0.913 8.3
192.00 97.0 0.741 18
193.00 108 1.237 0
194.00 129 0.651 14
195.00 129 0.486 0
196.00 129 5.768 0
197.00 129 3.707 0
198.01 107 2.233 17
199.01 107 1.646 9.1
200.02 118 2.554 8.3
201.00 120 3.068 8.3
202.00 130 5.119 0
203.00 119 6.205 8.3
204.00 119 4.710 8.3
205.00 119 4.858 8.3
206.00 129 2.566 0
207.00 108 1.924 0
208.00 119 7.449 15
209.00 108 5.350 17
210.00 129 3.962 0
211.00 119 2.070 8.3
212.00 129 7.541 0
213.01 118 4.193 8.3
214.00 129 8.639 0
215.00 119 5.828 8.3
216.00 108 6.465 9.1
217.00 129 7.439 0
218.00 129 5.437 0
219.03 126 4.747 0
220.01 132 4.074 0
221.00 130 4.331 0
222.00 130 6.793 0
223.00 108 4.371 9.1
224.00 129 6.692 0
225.00 129 3.674 0
226.00 119 6.244 0
227.00 119 4.901 15
228.03 105 6.691 9.1
229.00 122 6.070 8.3
230.01 128 5.816 0
231.00 120 4.961 0
232.00 118 3.047 15
233.01 129 2.860 0
234.00 119 7.764 8.3
235.00 129 5.083 0
236.00 119 9.618 8.3
237.01 107 6.034 9.1
238.00 130 4.508 0
239.01 118 3.282 8.3
240.01 119 4.708 8.3
241.00 130 3.469 0
242.00 119 2.359 0
243.00 118 2.407 15
244.01 118 5.120 8.3
245.00 109 5.077 17
246.01 118 5.108 0
247.02 128 3.310 0
248.02 129 4.179 0
249.00 132 6.429 0
250.00 130 3.944 0
